2.111366 2.438657 2.8
2.209087 2.52912 2
2.626268 2.29368 0.8
1.628583 2.76456 0.5
2.969521 2.52912 0.8
1.887378 2.52912 2.8
2.621619 2.29368 0.8
2.649256 2.292874 0.5
1.891212 2.29368 2.8
2.751855 2.29368 2
3.073265 2.29368 0.8
4.80273 2.52912 2.8
1.594174 2.529103 0.5
2.362616 2.29368 0.8
0.2774127 2.29368 2
3.330755 2.29368 2
2.251796 2.29368 2
2.203075 2.437212 0.8
2.47451 2.298442 2.8
3.926718 2.293679 2
3.653515 2.29368 0.8
2.568694 2.52912 2.8
2.823252 2.366783 2
2.896191 2.05824 0.8
3.220589 2.29368 0.8
2.617389 2.300865 2.8
3.360102 2.29368 2
3.590598 2.293657 0.8
2.989366 2.52912 2.8
3.666373 2.52912 2
3.13673 2.591066 0.8
2.908399 2.519318 2.8
2.419258 2.37796 2
2.844131 2.29368 0.8
2.969915 2.378175 2.8
3.208182 2.214755 0.5
3.048691 2.293686 2.8
3.688089 2.29368 0.8
3.779022 2.082431 0.8
2.162131 2.529114 0.5
2.400152 2.461579 0.5
3.316719 2.05824 0.8
3.053169 2.29368 2.8
3.774826 2.29368 0.8
2.652579 2.29368 0.5
3.183194 2.29368 2
3.157852 2.29368 0.8
4.334887 2.29368 2.8
3.459287 2.29368 2
3.093226 2.29368 0.8
