180
180
180
180
180
180
180
180
180
180
180
180
180
180
180
180
180
180
180
180
180
180
180
180
180
179.8953
179.7897
179.5493
179.4391
179.3315
179.1113
178.8848
178.6725
178.5614
178.3402
178.3402
178.2279
178.2279
178.2279
178.2279
178.2279
178.2279
178.2279
178.2279
178.2279
178.2279
178.2279
178.2279
178.2279
178.2279
178.2279
178.2279
178.2279
178.3426
178.4539
178.5658
178.7967
178.9089
178.9089
179.0182
179.1275
179.1275
179.2387
179.2387
179.2387
179.2387
179.2387
179.3499
179.5994
179.702
179.9184
179.8322
179.7245
179.6129
179.3056
179.0694
178.9439
178.6991
178.5816
178.5816
178.5816
178.4602
178.4602
178.4602
178.5771
178.7882
178.9184
179.1579
179.2654
179.3763
179.498
179.7093
179.9558
179.559
178.4887
176.8248
175.6594
174.7976
174.1305
173.2555
172.6288
172.0598
171.576
171.4754
171.228
171.1263
171.0153
171.0153
171.1309
171.337
171.6622
171.8725
172.294
172.634
172.9693
173.2021
173.3197
173.4223
173.5444
173.5444
173.5444
173.5444
173.5444
173.5444
173.5444
173.5444
173.5444
173.5444
173.5444
173.5444
173.5444
173.5444
173.5444
173.5444
173.5444
173.5444
173.7216
174.1137
177.6331
179.0001
175.7757
172.9551
171.5007
171.5007
171.5007
171.5007
171.5007
171.5007
171.5007
171.5007
171.5007
171.5007
171.5007
171.5007
171.5007
171.5007
171.5007
171.5007
171.5007
171.5007
171.5007
171.5007
171.5007
171.5007
171.5007
171.5007
171.5007
171.5007
171.5007
171.5007
171.5007
171.5007
171.5007
171.5007
171.5007
171.5007
171.5007
171.5007
171.5007
170.3894
168.2704
166.0644
164.4284
163.7427
163.3148
162.6578
160.8962
158.9452
156.9109
155.4755
154.0525
152.4559
151.3665
150.4298
149.2478
146.3796
143.4764
141.5327
139.3016
137.5811
136.0294
134.792
134.4801
133.8703
133.3713
132.5986
131.9957
130.859
129.4362
128.0327
127.0068
125.8576
125.3967
124.917
124.7923
124.6894
124.6894
124.6894
124.5864
124.35
123.9968
123.7779
123.4555
123.0735
122.5278
121.9871
119.1981
117.0289
115.9539
113.5521
111.8953
110.3734
109.535
108.8684
108.2275
107.548
107.0835
106.9782
106.9782
106.8159
106.6964
106.5986
106.5986
106.5986
106.5986
106.5986
106.4983
106.3809
106.3809
106.3809
106.3809
106.3809
106.3809
106.3809
106.3809
106.3809
106.3809
106.3809
106.3809
106.3809
106.3809
106.3809
106.3809
106.3809
106.3809
106.3809
106.3809
106.3809
106.2834
106.0554
105.8269
105.7274
105.7274
105.7274
105.5193
105.1919
104.9847
104.7521
104.2185
103.7013
102.705
101.6375
101.1004
100.7834
100.6788
100.6788
100.6788
100.6788
100.3543
99.9123
99.605
99.25283
98.24851
97.63027
96.76645
96.12769
95.80891
95.37497
94.75222
94.25171
93.5458
93.11315
92.77756
92.25449
90.84742
89.908
88.94231
87.73261
87.0341
86.18367
84.99522
84.12064
83.17472
82.23426
81.51054
80.61445
79.90807
79.19231
78.62505
78.39745
78.16463
78.01967
78.01967
78.01967
78.01967
78.01967
78.01967
78.01967
78.01967
78.01967
78.01967
78.01967
78.01967
78.01967
78.01967
78.01967
78.01967
78.01967
78.01967
78.01967
78.01967
78.01967
78.01967
78.70419
80.56015
82.32552
83.6988
85.23981
86.22262
86.93669
87.35434
87.6966
88.15049
88.44584
88.56153
88.67096
88.67096
88.67096
88.67096
88.67096
88.67096
88.67096
88.67096
88.67096
88.67096
88.67096
88.67096
88.67096
88.67096
88.67096
89.00371
89.8742
91.31345
92.18053
92.94378
94.16741
95.05482
95.78376
97.312
102.5808
108.6628
114.6593
117.0266
117.0266
117.0266
117.0266
117.0266
117.0266
117.0266
116.9299
115.3242
114.4865
113.4232
112.7108
111.9806
111.29
110.8816
110.5761
110.2704
109.9655
109.6215
109.3208
109.0925
108.8505
108.6434
108.5322
108.3236
107.9827
107.6447
107.1071
106.0334
104.2636
102.8562
101.8325
100.7682
97.5009
94.49265
92.17138
91.58355
90.9502
90.08047
89.7791
89.66921
89.66921
89.66921
89.66921
89.66921
89.66921
89.66921
89.66921
89.66921
89.66921
89.66921
89.66921
89.66921
89.66921
89.66921
89.66921
89.78967
90.24519
90.81901
91.04481
91.20454
91.30966
91.30966
91.30966
91.30966
91.30966
91.30966
91.30966
91.30966
91.30966
91.30966
91.30966
91.30966
91.30966
90.82047
90.4944
90.28548
90.0545
89.84435
89.74013
89.62033
89.50827
89.40565
89.18307
89.06911
88.76141
88.64874
88.42366
88.21891
88.1015
87.98341
87.67532
87.32017
87.0106
86.68954
86.35046
86.00751
85.79977
85.68457
85.56799
85.56799
85.56799
85.46758
85.46758
85.46758
85.46758
85.46758
85.46758
85.46758
85.46758
85.46758
85.46758
85.46758
85.46758
85.46758
85.46758
85.46758
85.46758
85.46758
85.46758
85.46758
85.46758
85.46758
85.69762
86.61111
90.99901
94.21588
96.8971
101.4576
103.6056
105.1156
107.0604
110.9343
112.1999
113.0889
113.8244
114.8118
116.4239
119.1673
121.2469
123.231
126.18
128.7841
132.2156
135.1559
137.0741
138.4782
139.4176
140.6287
142.1059
143.8909
145.7892
147.6928
149.3708
151.7972
157.2103
159.6006
161.2388
162.7226
163.5345
163.8576
164.0874
164.5498
165.3205
165.9651
166.3989
166.763
166.9861
166.9861
166.9861
166.9861
166.9861
166.9861
166.9861
166.9861
166.9861
167.4819
169.0843
169.6485
169.9816
170.3472
170.6743
171.0408
171.0408
171.1509
171.1509
171.1509
171.1509
171.1509
171.1509
171.1509
171.1509
171.1509
171.1509
171.1509
171.1509
171.1509
171.1509
171.1509
171.1509
171.1509
171.1509
171.1509
171.1509
171.1509
171.1509
169.7598
165.4469
160.9266
155.4253
150.0463
146.3771
141.2834
129.8412
123.1609
118.6705
115.1119
111.5916
109.1854
103.2254
99.94988
97.02269
95.46306
93.75489
91.86528
89.4987
86.9071
83.66167
79.83976
75.31706
71.70584
67.81539
62.39746
58.19563
52.9842
47.29877
43.63548
39.82906
34.46617
26.75438
24.1064
22.30726
20.13268
19.134
19.00419
19.00419
18.15498
16.02094
14.44604
12.91092
10.4107
6.876832
4.491262
2.822096
0.3981127
3.023232
7.613782
11.04332
13.05029
15.21821
18.08147
18.67512
18.95842
18.95842
19.09552
19.0955
19.3266
19.3266
19.3266
19.3266
19.3266
19.3266
19.3266
18.88083
17.35313
15.51266
14.12407
13.4421
12.95589
12.62198
12.62198
12.62198
12.62198
12.73481
12.85497
12.9837
13.11216
13.33817
13.33817
13.33817
13.33817
13.33817
13.33817
13.33817
13.33817
13.33817
13.33817
13.22653
12.40906
1.159272
4.235818
7.554527
8.199416
8.308722
8.564079
8.564079
8.694657
8.694657
8.694657
9.269298
9.735871
10.10542
10.10542
10.10542
10.10542
10.10542
10.10542
10.10542
10.10542
9.480044
9.037333
8.551272
8.181822
7.702299
7.47336
7.223032
7.107547
7.107547
6.9832
6.9832
6.862642
6.632085
6.260904
5.70561
4.765181
3.53319
1.974867
1.41153
1.181674
0.9204736
0.9204736
0.7945082
0.7945082
0.680413
0.680413
0.680413
0.680413
0.680413
0.680413
0.680413
0.680413
0.680413
0.680413
0.680413
0.680413
0.680413
0.680413
0.680413
0.680413
0.1802258
0.4780633
0.9596078
1.300858
1.420926
1.66906
1.783777
1.783777
1.896614
2.152678
2.378334
2.504287
2.753424
2.926032
2.926032
2.926032
2.926032
2.926032
2.926032
2.926032
2.926032
2.926032
2.926032
2.926032
2.926032
2.926032
2.926032
2.926032
2.926032
2.926032
2.926032
2.926032
2.926032
2.926032
2.926032
2.926032
2.926032
2.926032
2.926032
2.926032
2.926032
2.926032
2.926032
2.926032
2.926032
2.926032
2.926032
2.926032
2.926032
2.926032
2.926032
2.926032
2.926032
2.926032
2.926032
2.926032
2.926032
2.926032
2.926032
2.926032
2.926032
2.926032
2.926032
2.926032
2.926032
2.926032
2.926032
2.926032
2.926032
2.926032
2.926032
2.926032
2.926032
2.926032
2.926032
2.926032
2.926032
2.926032
2.926032
2.926032
2.926032
2.926032
2.926032
2.926032
2.926032
2.926032
2.926032
2.926032
2.926032
2.926032
2.926032
2.926032
2.926032
2.926032
2.926032
2.926032
2.926032
2.926032
2.926032
2.926032
2.926032
2.926032
2.926032
2.926032
2.926032
2.926032
2.926032
2.926032
2.926032
2.926032
2.926032
2.926032
2.926032
2.926032
2.926032
2.926032
2.926032
2.926032
2.926032
2.926032
2.926032
2.926032
2.926032
2.926032
2.926032
2.926032
2.926032
2.926032
2.926032
2.926032
2.926032
2.926032
2.926032
2.926032
2.926032
2.926032
2.926032
2.926032
2.926032
2.926032
2.926032
2.926032
2.926032
2.926032
2.926032
1.18795
6.199572
27.78356
39.42636
46.77197
49.01387
51.31802
54.70323
59.26457
64.48297
69.94268
75.57934
79.72585
83.76088
87.45933
91.15668
93.68823
95.50437
98.01756
99.43858
100.3965
101.6484
103.6173
106.4052
109.8857
114.1934
119.6861
125.7474
132.3926
138.094
144.0596
147.1967
148.5721
149.627
153.5844
156.495
159.6411
162.3498
163.9459
165.1015
165.7019
166.366
167.2936
168.1784
169.3897
170.2379
170.8856
172.3533
175.6049
177.5054
175.3245
174.1384
172.9651
172.3932
171.9689
171.4342
170.8936
170.4871
170.2021
170.2021
170.2021
170.2021
170.2021
170.3734
170.3734
170.3734
170.3734
170.3734
170.3734
170.5154
170.9365
171.6841
172.4601
173.2484
174.0506
176.6806
179.0309
175.3028
170.6952
167.3468
167.1654
167.1654
167.1654
167.1654
167.1654
167.1654
167.1654
167.1654
167.9633
169.0029
170.2202
171.6427
172.9298
174.1055
175.2794
177.2985
178.2393
178.786
179.0591
179.4464
179.8781
179.831
179.4436
178.6577
177.9876
177.4171
176.8709
176.8709
176.8709
176.8709
176.8709
176.8709
176.8709
176.8709
176.8709
176.8709
176.8709
176.8709
176.8709
176.8709
176.8709
176.8709
176.8709
176.8709
176.8709
176.8709
176.8709
176.8709
176.8709
176.8709
176.8709
176.8709
176.8709
176.8709
176.8709
176.8709
176.8709
176.8709
176.8709
176.8709
176.8709
176.8709
176.8709
176.8709
173.4368
162.3246
151.9789
143.3396
135.6367
129.5515
122.6639
116.4437
100.7658
93.2008
87.28873
81.76871
75.36738
68.1274
59.73882
55.00716
50.90165
47.25071
44.10742
42.43805
42.05259
41.91222
41.34438
38.86253
37.26075
36.28096
34.47791
32.1568
30.38155
28.73241
26.81202
23.96171
20.72943
17.5757
14.84351
13.01348
11.20418
6.352429
4.06486
1.72873
0.2987072
1.575201
1.712579
1.985837
2.74024
3.63033
4.234338
5.442801
5.651075
5.526235
5.008677
3.908659
3.652644
3.510507
3.510507
3.510507
3.510507
3.510507
3.510507
3.510507
3.510507
3.510507
3.510507
3.510507
3.387898
2.442804
2.19544
1.924984
1.786627
1.658002
1.658002
1.658002
1.658002
1.658002
1.658002
1.658002
1.658002
1.658002
1.658002
1.658002
1.658002
1.658002
1.658002
1.658002
1.658002
1.658002
1.658002
1.658002
1.658002
1.658002
1.658002
1.658002
1.658002
1.658002
1.658002
1.658002
1.658002
1.658002
1.658002
1.658002
1.658002
1.658002
1.658002
1.658002
1.131423
0.9526493
0.9526493
0.8156537
0.8156537
0.8156537
0.8156537
0.6855699
0.6855699
0.4073442
0.1570175
0.1136409
0.3810355
0.5143426
0.6584912
0.6584912
0.6584912
0.6584912
0.6584912
0.6584912
0.6584912
0.6584912
0.6584912
0.6584912
0
4.73855
10.94744
17.89912
33.81177
41.87416
51.38485
58.72458
64.03617
65.72414
65.86201
66.00902
66.26278
66.76215
67.28257
67.90252
69.38736
73.08772
74.67513
76.14896
78.23349
82.37367
86.16948
90.5882
94.99279
100.1578
103.0498
104.6445
105.0541
106.1798
108.5905
110.4546
112.8329
114.9801
116.7894
117.422
117.422
117.422
117.422
117.422
117.422
117.422
117.422
117.422
117.422
117.422
117.422
117.422
117.422
117.422
117.422
117.422
117.422
117.422
117.422
117.422
117.422
117.422
117.422
117.422
117.422
117.422
116.7455
115.9915
115.3497
114.8194
114.3002
114.3002
113.9493
113.015
110.3756
105.0578
94.78999
83.14163
75.84995
70.78294
64.69347
55.47583
44.32043
31.26707
17.43889
3.262188
23.42001
38.22516
50.35895
57.86244
63.22016
69.46588
72.31947
71.09859
65.30508
56.29767
44.33665
24.61083
13.9719
8.446526
5.365858
4.176264
4.045737
3.119289
0.5764125
2.859033
4.081783
4.081783
4.081783
2.60459
6.928011
13.4392
16.66758
16.80487
16.80487
17.58985
20.11065
22.55345
24.47691
24.87554
24.87554
24.87554
24.87554
24.87554
24.87554
24.87554
24.87554
24.87554
24.87554
24.87554
24.87554
24.87554
24.87554
24.87554
24.87554
24.87554
